2D data points:

[[-1.38297038  2.8681984 ]
 [ 1.16628776  4.27351589]
 [-1.52155634  2.95457231]
 ...
 [ 1.72667446  0.8164493 ]
 [-1.72811138  2.7535723 ]
 [ 1.8657698   0.94655235]] 


Cluster Centroids:

[[ 0.9526923   4.29415457]
 [ 2.06975992  0.89170674]
 [-1.53451325  2.92452714]] 

[2 0 2 2 2 1 0 0 1 0 1 2 2 0 0 1 2 1 0 0 2 1 2 0 0 0 0 0 1 1 2 2 2 0 2 1 1
 2 1 1 1 1 0 1 1 1 1 2 0 1 0 0 1 0 0 1 1 2 2 1 2 2 2 2 0 0 1 1 2 2 0 0 0 2
 0 2 1 0 2 2 2 0 0 0 0 0 0 1 0 1 0 1 1 2 1 2 0 1 0 2 0 2 2 1 0 0 2 0 1 1 0
 0 0 0 2 2 0 2 0 1 0 1 2 0 0 1 2 2 2 0 0 2 0 0 2 0 0 1 2 2 0 0 0 2 2 2 0 0
 2 0 0 2 0 0 0 2 0 1 1 2 0 0 0 0 0 0 2 0 1 1 1 2 2 2 2 0 1 0 0 2 0 0 0 1 1
 0 2 1 2 0 1 2 1 2 2 0 0 2 1 1 0 2 1 0 0 2 2 2 1 0 2 0 0 0 1 2 0 2 0 0 2 0
 2 2 0 1 0 0 0 2 2 1 2 1 0 1 0 1 2 2 2 2 2 2 0 2 2 0 1 1 1 1 2 2 1 0 1 0 2
 1 0 1 1 1 0 1 2 2 2 0 2 1 2 2 2 2 0 0 2 2 1 0 1 1 1 0 2 2 1 2 0 2 1 1 1 0
 0 1 0 1 1 1 1 2 0 0 1 0 0 0 2 0 2 0 2 1 0 1 0 1 0 1 2 0 1 2 1 2 0 1 1 2 2
 2 0 2 0 2 0 1 0 1 1 2 1 1 0 1 0 1 0 0 2 2 1 2 0 0 0 0 1 2 1 1 2 2 0 2 0 1
 1 1 1 0 2 1 2 0 2 2 0 2 2 1 1 2 2 1 2 1 2 2 1 0 0 2 1 2 1 1 1 0 0 0 1 2 0
 1 1 2 0 0 2 0 2 0 1 1 1 2 0 2 1 0 0 1 2 1 1 2 0 2 0 2 2 1 2 2 1 1 0 1 0 0
 0 2 1 0 1 2 2 1 0 1 0 0 1 0 2 1 2 2 2 1 0 2 0 0 0 0 0 0 1 0 1 0 0 0 2 2 1
 2 2 2 1 1 1 1 2 0 1 0 2 0 1 1 1 2 0 2 0 2 2 1 1 1 1 0 2 0 1 2 1 1 1 2 1 2
 0 2 0 0 2 1 0 1 0 1 1 2 1 2 1 2 2 0 2 1 1 0 0 0 1 0 2 2 2 0 1 0 2 1 2 0 2
 1 0 0 0 2 1 1 0 0 1 1 1 1 2 2 0 1 2 1 1 1 0 1 0 0 1 2 2 1 0 0 0 2 1 0 2 0
 2 0 1 2 2 2 2 2 1 1 0 1 0 2 2 0 1 0 2 2 0 1 1 1 0 0 0 1 2 2 1 2 2 2 1 0 2
 2 2 2 2 0 0 1 1 1 2 1 1 0 0 0 0 0 2 2 2 0 1 0 2 2 0 1 2 0 2 2 2 0 1 1 1 0
 1 1 2 0 2 1 1 0 1 2 1 2 0 1 2 0 0 0 1 1 0 2 2 2 0 2 2 1 1 0 0 1 2 1 0 0 2
 1 2 0 1 2 1 2 0 0 0 0 1 1 2 0 1 0 2 1 1 2 1 2 1 0 2 0 1 1 0 0 2 0 0 0 1 1
 0 0 2 1 1 2 2 1 2 1 0 0 1 1 1 0 1 1 1 0 1 0 2 2 1 1 2 2 0 1 1 1 2 0 1 0 1
 0 2 2 1 1 0 2 2 0 1 2 2 0 1 2 0 2 2 0 2 0 2 2 2 1 1 1 1 2 2 0 0 2 0 0 0 1
 0 1 2 0 1 2 0 2 0 2 1 2 1 0 1 0 0 0 1 2 2 1 1 0 1 1 1 1 1 1 1 2 1 2 1 2 2
 1 0 1 2 0 2 0 2 0 2 1 2 0 2 0 0 2 2 1 2 1 1 1 2 2 1 1 0 0 1 1 2 0 0 1 2 1
 0 2 1 2 2 0 0 0 0 1 2 0 0 1 1 0 1 2 2 0 2 0 1 2 1 0 0 2 1 0 2 1 0 1 0 0 0
 0 1 0 2 1 2 0 1 2 1 1 1 1 1 0 0 2 2 2 1 1 1 0 2 1 0 2 2 2 1 0 1 2 2 2 2 0
 2 1 0 2 1 1 1 1 1 1 0 1 1 1 1 2 1 2 2 2 2 2 2 1 2 0 2 1 1 2 2 2 2 1 2 1 2
 1] 

